163	2.18
203	2.29
836	2.40
941	2.29
1010	2.48
1100	2.20
1102	2.26
1207	2.39
1340	2.16
1341	2.38
1434	2.41
1489	2.44
1608	2.08
1630	2.26
1640	2.47
1721	2.37
1726	2.35
1747	2.14
1761	2.16
1794	2.43
1912	2.49
2010	2.46
2106	2.25
2167	2.46
2702	2.41
2744	1.30
3209	2.06
3325	2.46
3537	2.46
3589	2.49
3598	1.02
3610	2.33
4056	2.32
4295	2.23
4349	1.96
4486	1.06
4493	2.34
4539	1.82
4575	2.09
4636	2.00
4658	2.38
4704	2.38
4804	2.47
4916	2.09
5039	2.20
5101	2.49
5214	2.42
5326	2.41
5334	1.93
5558	2.45
5603	2.31
5686	2.05
5740	2.49
5850	1.84
5944	2.20
